1 3 1
1 3 5 1
1 3 5 8 2 4 1
1 3 5 8 2 4 6 1
1 3 5 8 2 7 4 1
1 3 5 8 2 7 4 6 1
1 3 5 8 6 1
1 3 5 8 6 4 1
1 3 5 8 7 2 4 1
1 3 5 8 7 2 4 6 1
1 3 5 8 7 4 1
1 3 5 8 7 4 6 1
1 3 6 1
1 3 6 4 1
1 3 6 4 2 7 8 5 1
1 3 6 4 7 8 5 1
1 3 6 8 2 4 1
1 3 6 8 2 7 4 1
1 3 6 8 5 1
1 3 6 8 7 2 4 1
1 3 6 8 7 4 1
1 4 1
1 4 2 7 8 5 1
1 4 2 7 8 5 3 1
1 4 2 7 8 5 3 6 1
1 4 2 7 8 6 1
1 4 2 7 8 6 3 1
1 4 2 7 8 6 3 5 1
1 4 6 1
1 4 6 3 1
1 4 6 3 5 1
1 4 6 8 5 1
1 4 6 8 5 3 1
1 4 7 8 5 1
1 4 7 8 5 3 1
1 4 7 8 5 3 6 1
1 4 7 8 6 1
1 4 7 8 6 3 1
1 4 7 8 6 3 5 1
2 4 1 3 5 8 2
2 4 1 3 5 8 7 2
2 4 1 3 6 8 2
2 4 1 3 6 8 7 2
2 4 2
2 4 6 1 3 5 8 2
2 4 6 1 3 5 8 7 2
2 4 6 3 5 8 2
2 4 6 3 5 8 7 2
2 4 6 8 2
2 4 6 8 7 2
2 4 7 2
2 4 7 8 2
2 7 2
2 7 4 1 3 5 8 2
2 7 4 1 3 6 8 2
2 7 4 2
2 7 4 6 1 3 5 8 2
2 7 4 6 3 5 8 2
2 7 4 6 8 2
2 7 8 2
2 7 8 5 1 3 6 4 2
2 7 8 5 1 4 2
2 7 8 5 3 1 4 2
2 7 8 5 3 6 1 4 2
2 7 8 5 3 6 4 2
2 7 8 6 1 4 2
2 7 8 6 3 1 4 2
2 7 8 6 3 5 1 4 2
2 7 8 6 4 2
3 1 3
3 1 4 2 7 8 5 3
3 1 4 2 7 8 6 3
3 1 4 6 3
3 1 4 6 8 5 3
3 1 4 7 8 5 3
3 1 4 7 8 6 3
3 5 1 3
3 5 1 4 2 7 8 6 3
3 5 1 4 6 3
3 5 1 4 7 8 6 3
3 5 3
3 5 8 2 4 1 3
3 5 8 2 4 6 1 3
3 5 8 2 4 6 3
3 5 8 2 7 4 1 3
3 5 8 2 7 4 6 1 3
3 5 8 2 7 4 6 3
3 5 8 6 1 3
3 5 8 6 3
3 5 8 6 4 1 3
3 5 8 7 2 4 1 3
3 5 8 7 2 4 6 1 3
3 5 8 7 2 4 6 3
3 5 8 7 4 1 3
3 5 8 7 4 6 1 3
3 5 8 7 4 6 3
3 6 1 3
3 6 1 4 2 7 8 5 3
3 6 1 4 7 8 5 3
3 6 3
3 6 4 1 3
3 6 4 2 7 8 5 1 3
3 6 4 2 7 8 5 3
3 6 4 7 8 5 1 3
3 6 4 7 8 5 3
3 6 8 2 4 1 3
3 6 8 2 7 4 1 3
3 6 8 5 1 3
3 6 8 5 3
3 6 8 7 2 4 1 3
3 6 8 7 4 1 3
4 1 3 5 8 2 4
4 1 3 5 8 2 7 4
4 1 3 5 8 6 4
4 1 3 5 8 7 2 4
4 1 3 5 8 7 4
4 1 3 6 4
4 1 3 6 8 2 4
4 1 3 6 8 2 7 4
4 1 3 6 8 7 2 4
4 1 3 6 8 7 4
4 1 4
4 2 4
4 2 7 4
4 2 7 8 5 1 3 6 4
4 2 7 8 5 1 4
4 2 7 8 5 3 1 4
4 2 7 8 5 3 6 1 4
4 2 7 8 5 3 6 4
4 2 7 8 6 1 4
4 2 7 8 6 3 1 4
4 2 7 8 6 3 5 1 4
4 2 7 8 6 4
4 6 1 3 5 8 2 4
4 6 1 3 5 8 2 7 4
4 6 1 3 5 8 7 2 4
4 6 1 3 5 8 7 4
4 6 1 4
4 6 3 1 4
4 6 3 5 1 4
4 6 3 5 8 2 4
4 6 3 5 8 2 7 4
4 6 3 5 8 7 2 4
4 6 3 5 8 7 4
4 6 4
4 6 8 2 4
4 6 8 2 7 4
4 6 8 5 1 4
4 6 8 5 3 1 4
4 6 8 7 2 4
4 6 8 7 4
4 7 2 4
4 7 4
4 7 8 2 4
4 7 8 5 1 3 6 4
4 7 8 5 1 4
4 7 8 5 3 1 4
4 7 8 5 3 6 1 4
4 7 8 5 3 6 4
4 7 8 6 1 4
4 7 8 6 3 1 4
4 7 8 6 3 5 1 4
4 7 8 6 4
5 1 3 5
5 1 3 6 4 2 7 8 5
5 1 3 6 4 7 8 5
5 1 3 6 8 5
5 1 4 2 7 8 5
5 1 4 2 7 8 6 3 5
5 1 4 6 3 5
5 1 4 6 8 5
5 1 4 7 8 5
5 1 4 7 8 6 3 5
5 3 1 4 2 7 8 5
5 3 1 4 6 8 5
5 3 1 4 7 8 5
5 3 5
5 3 6 1 4 2 7 8 5
5 3 6 1 4 7 8 5
5 3 6 4 2 7 8 5
5 3 6 4 7 8 5
5 3 6 8 5
5 8 2 4 1 3 5
5 8 2 4 6 1 3 5
5 8 2 4 6 3 5
5 8 2 7 4 1 3 5
5 8 2 7 4 6 1 3 5
5 8 2 7 4 6 3 5
5 8 5
5 8 6 1 3 5
5 8 6 3 5
5 8 6 4 1 3 5
5 8 7 2 4 1 3 5
5 8 7 2 4 6 1 3 5
5 8 7 2 4 6 3 5
5 8 7 4 1 3 5
5 8 7 4 6 1 3 5
5 8 7 4 6 3 5
6 1 3 5 8 2 4 6
6 1 3 5 8 2 7 4 6
6 1 3 5 8 6
6 1 3 5 8 7 2 4 6
6 1 3 5 8 7 4 6
6 1 3 6
6 1 4 2 7 8 5 3 6
6 1 4 2 7 8 6
6 1 4 6
6 1 4 7 8 5 3 6
6 1 4 7 8 6
6 3 1 4 2 7 8 6
6 3 1 4 6
6 3 1 4 7 8 6
6 3 5 1 4 2 7 8 6
6 3 5 1 4 6
6 3 5 1 4 7 8 6
6 3 5 8 2 4 6
6 3 5 8 2 7 4 6
6 3 5 8 6
6 3 5 8 7 2 4 6
6 3 5 8 7 4 6
6 3 6
6 4 1 3 5 8 6
6 4 1 3 6
6 4 2 7 8 5 1 3 6
6 4 2 7 8 5 3 6
6 4 2 7 8 6
6 4 6
6 4 7 8 5 1 3 6
6 4 7 8 5 3 6
6 4 7 8 6
6 8 2 4 1 3 6
6 8 2 4 6
6 8 2 7 4 1 3 6
6 8 2 7 4 6
6 8 5 1 3 6
6 8 5 1 4 6
6 8 5 3 1 4 6
6 8 5 3 6
6 8 6
6 8 7 2 4 1 3 6
6 8 7 2 4 6
6 8 7 4 1 3 6
6 8 7 4 6
7 2 4 1 3 5 8 7
7 2 4 1 3 6 8 7
7 2 4 6 1 3 5 8 7
7 2 4 6 3 5 8 7
7 2 4 6 8 7
7 2 4 7
7 2 7
7 4 1 3 5 8 2 7
7 4 1 3 5 8 7
7 4 1 3 6 8 2 7
7 4 1 3 6 8 7
7 4 2 7
7 4 6 1 3 5 8 2 7
7 4 6 1 3 5 8 7
7 4 6 3 5 8 2 7
7 4 6 3 5 8 7
7 4 6 8 2 7
7 4 6 8 7
7 4 7
7 8 2 4 7
7 8 2 7
7 8 5 1 3 6 4 2 7
7 8 5 1 3 6 4 7
7 8 5 1 4 2 7
7 8 5 1 4 7
7 8 5 3 1 4 2 7
7 8 5 3 1 4 7
7 8 5 3 6 1 4 2 7
7 8 5 3 6 1 4 7
7 8 5 3 6 4 2 7
7 8 5 3 6 4 7
7 8 6 1 4 2 7
7 8 6 1 4 7
7 8 6 3 1 4 2 7
7 8 6 3 1 4 7
7 8 6 3 5 1 4 2 7
7 8 6 3 5 1 4 7
7 8 6 4 2 7
7 8 6 4 7
7 8 7
8 2 4 1 3 5 8
8 2 4 1 3 6 8
8 2 4 6 1 3 5 8
8 2 4 6 3 5 8
8 2 4 6 8
8 2 4 7 8
8 2 7 4 1 3 5 8
8 2 7 4 1 3 6 8
8 2 7 4 6 1 3 5 8
8 2 7 4 6 3 5 8
8 2 7 4 6 8
8 2 7 8
8 5 1 3 6 4 2 7 8
8 5 1 3 6 4 7 8
8 5 1 3 6 8
8 5 1 4 2 7 8
8 5 1 4 6 8
8 5 1 4 7 8
8 5 3 1 4 2 7 8
8 5 3 1 4 6 8
8 5 3 1 4 7 8
8 5 3 6 1 4 2 7 8
8 5 3 6 1 4 7 8
8 5 3 6 4 2 7 8
8 5 3 6 4 7 8
8 5 3 6 8
8 5 8
8 6 1 3 5 8
8 6 1 4 2 7 8
8 6 1 4 7 8
8 6 3 1 4 2 7 8
8 6 3 1 4 7 8
8 6 3 5 1 4 2 7 8
8 6 3 5 1 4 7 8
8 6 3 5 8
8 6 4 1 3 5 8
8 6 4 2 7 8
8 6 4 7 8
8 6 8
8 7 2 4 1 3 5 8
8 7 2 4 1 3 6 8
8 7 2 4 6 1 3 5 8
8 7 2 4 6 3 5 8
8 7 2 4 6 8
8 7 4 1 3 5 8
8 7 4 1 3 6 8
8 7 4 6 1 3 5 8
8 7 4 6 3 5 8
8 7 4 6 8
8 7 8
